Predict ['I am nice']
n_samples: 3279, n_features: 7229
  (0, 3056)	0.260210723861
  (0, 3798)	0.272465378911
  (0, 3093)	0.465958670941
  (0, 2541)	0.271496958208
  (0, 1804)	0.461705745414
  (0, 905)	0.595023293487
  (1, 246)	0.223166229279
  (1, 4137)	0.233668678407
  (1, 4590)	0.157707283435
  (1, 7128)	0.167239289022
  (1, 6206)	0.156106244312
  (1, 4161)	0.139238998441
  (1, 7144)	0.0455506515695
  (1, 3706)	0.262269245559
  (1, 2071)	0.22797779914
  (1, 3729)	0.0974417129656
  (1, 4510)	0.100353195422
  (1, 2587)	0.131260219735
  (1, 1069)	0.120291890023
  (1, 6820)	0.136624253925
  (1, 3395)	0.233668678407
  (1, 3990)	0.100703911692
  (1, 2621)	0.153607837686
  (1, 3779)	0.319956703391
  (1, 6544)	0.212033184569
  :	:
  (3275, 7150)	0.190868508382
  (3276, 6344)	0.638220712568
  (3276, 5441)	0.408799844347
  (3276, 7110)	0.607423006735
  (3276, 2853)	0.21049363945
  (3276, 7144)	0.110845513894
  (3277, 1256)	0.56810956038
  (3277, 4478)	0.515508026546
  (3277, 6881)	0.371160943831
  (3277, 2436)	0.344662057557
  (3277, 3207)	0.225290862498
  (3277, 427)	0.234811335371
  (3277, 7144)	0.221491051472
  (3278, 482)	0.409597003695
  (3278, 6255)	0.409597003695
  (3278, 1985)	0.409597003695
  (3278, 2793)	0.3758079354
  (3278, 2664)	0.326495100767
  (3278, 310)	0.29497375862
  (3278, 1973)	0.266063490834
  (3278, 2079)	0.169761112888
  (3278, 7006)	0.149877312437
  (3278, 2853)	0.135090513858
  (3278, 340)	0.128330698711
  (3278, 7144)	0.0711383843708
[1]
